star,A,B,sigma_x2,sigma_y2
GSC06325-01883,66762.35054419309,4514.163637177032,3.8615693830472337,4.290492858166516
GSC06325-02056,61575.003577587675,4536.8828917468245,3.8120621485876844,4.501789249421459
GSC06325-01783,11844.25090245583,4399.270099160883,5.677832915240482,4.996773713250854
GSC06325-00008,7154.086305474712,4370.592278306841,4.761981776415372,4.893364416223201
GSC06325-00140,6855.267927960587,4328.288430037502,4.769050702742779,5.678353671315165
GSC06325-00341,5439.525611086516,4392.219846576319,7.12942089856824,5.728612274625193
GSC06325-01694,7348.311272951803,4335.599105834668,3.679973726896987,4.389397209112127
GSC06325-00086,5779.0489246798215,4347.889024185102,4.9076313087980985,5.681243542953357
GSC06325-00656,4663.647955464026,4335.808435511282,4.719318241264717,5.8671517047253445
GSC06325-00059,4896.406993754492,4361.671590772335,4.5694410841511015,4.784740434052247
GSC06325-01822,4142.174201623988,4348.750679541518,5.616877732225846,4.847246800858772
GSC06325-00786,3957.974878440956,4335.272068982289,4.533424086992823,5.345362348261378
GSC06325-01848,4016.8976286287184,4355.896537594702,4.429303575800404,4.701380850540358
GSC06325-00551,3445.2022810452513,4307.866026211612,5.317877867053069,6.024708555803695
GSC06325-00365,3206.6651253194627,4403.015303882546,5.860524638593462,5.0871060044339265
GSC06325-01731,3484.438334254745,4286.578564116537,3.8737625148874106,4.306579093205833
GSC06325-02092,3182.89495897801,4296.113698085404,4.308238606350231,4.691997376222807
GSC06325-00089,3257.059561633438,4325.152859703995,4.06484049151376,4.7497302459618815
GSC06325-00401,2491.2070465627726,4362.797360620945,6.1689341136704545,5.7683839494523435
GSC06325-00737,2911.0706393934515,4313.812014483088,4.376086784313188,5.227278401480096
GSC06325-01934,3159.414279058862,4336.281128758893,3.8518763719769975,4.3551960833246035
GSC06325-00275,2507.595460268184,4354.698095105001,4.982273933128554,5.637678329998134
GSC06325-00293,2834.916705605254,4322.1958766814205,4.208606434884371,4.754041030979888
GSC06325-01968,2699.7587596178437,4291.660064051949,3.878627262585313,4.461227445350947
GSC06325-00329,2213.641807417548,4288.405293742148,4.507359816361431,5.008317792770587
GSC06325-00053,1940.103716117088,4358.071040464316,5.759203364661653,5.468743543823553
N/A,2082.3646575150306,4291.337684907924,3.7682993923850945,4.714334866479413
N/A,2108.878563863132,4288.497815702465,3.7790982757077467,4.386573229671294
GSC06325-00611,1868.2414904780671,4299.2171077252215,4.37848141398498,4.750598985446908
N/A,1410.5189398514342,4377.1308450646,7.493554651737309,5.938244145051156
GSC06325-00473,1708.7148495748309,4329.726025961355,4.48616642531105,4.713981979979732
GSC06325-00287,1632.9955337010051,4345.340930022075,4.8552642549792795,5.065057008319037
GSC06325-02093,1651.0054526607464,4345.648965940193,3.9384744548234885,4.775308541720195
GSC06325-00755,1385.582381501068,4340.955833281729,4.749829525703772,5.485051751164517
GSC06325-01723,1725.6790648518142,4307.97659212783,3.431324830924359,4.395493275146995
GSC06325-01922,1574.681650994512,4295.768055970264,3.7730991312791273,4.491166828705595
N/A,1274.322940910674,4337.2428386281745,5.652767086668417,5.20829357055403
N/A,1102.74259652793,4491.470747580935,6.810512104125525,6.30832173525797
GSC06325-00680,1434.997832824326,4312.155447219579,4.143008703315527,4.863466861795526
GSC06325-02033,1126.6798735825753,4336.75201561769,5.482089080607318,6.780554453956023
GSC06325-00167,1229.7628798736107,4329.419311428139,4.726194993159892,5.608485738766926
N/A,1386.656285504579,4311.4957848770455,3.96343584867805,4.447788586835434
GSC06325-02055,1263.7256205041979,4283.899925599558,4.304967448510045,4.204924325940285
GSC06325-02061,1396.6733156179248,4360.786579796697,3.7918618577489385,4.407521035657163
N/A,1072.5359527111527,4343.705730030369,4.705842196302878,5.155606416803926
GSC06325-02060,1137.790416915031,4288.150826529715,4.24309505676178,4.395945304705276
GSC06325-00599,1030.6073289279993,4329.455840005643,4.294881897952212,4.895483572448457
N/A,1015.4806397691711,4327.867249103947,4.664183919145968,4.738187662592429
N/A,955.7391297991885,4324.135210018101,5.191155542747791,5.081253152531004
GSC06325-00740,1033.9522598797446,4312.783624892941,4.301745567483939,4.606134205024647
GSC06325-02005,1072.967991841802,4310.254468549499,3.5131135053833096,4.345753923652296
GSC06325-00395,889.8578240737941,4293.536256446563,5.115995488828522,5.350496432409229
GSC06325-02097,933.0516514884101,4301.080225375605,3.9598419273330494,4.998487879823913
GSC06325-02081,889.1847409081605,4292.377982884987,4.379307623591396,4.567340089400833
GSC06325-00461,876.3770618832989,4315.131513150402,4.4399953332845215,5.313913189666117
N/A,981.4136817418247,4346.504478223427,3.689311923343682,4.3959238875480455
GSC06325-01779,886.5974561398107,4309.346776246081,3.608358520960379,4.9812039253873985
N/A,713.1079347003871,4347.359419342235,6.291410905032115,5.5560149015258435
N/A,876.8318302389117,4337.865705260752,4.385587942347594,4.23966306899278
N/A,813.3738033472042,4349.982526122747,4.624193762712313,4.564662143231828
N/A,768.6937787525437,4333.91135656015,4.568116563841719,5.691653443980732
N/A,731.1682620992999,4346.688677127793,4.506073993117764,5.066033973309322
N/A,805.1662284033073,4273.147648802096,4.326918633215935,4.909679646865893
N/A,831.6311850216215,4277.783906200233,4.252867298789829,3.9079670492405563
N/A,745.7279115399208,4345.335383853327,5.136575968794724,4.647929111311031
N/A,639.3803188682683,4336.620622532797,5.075639208662984,5.929316364233744
N/A,694.5386327954852,4341.5714935128535,4.382261723117065,5.108662860324801
N/A,670.1179173351418,4323.807466809847,5.460888931769331,4.968997818044474
GSC06325-00128,610.8685065615172,4340.687193596598,4.665297583631008,6.721415923379009
N/A,718.0174585329745,4321.2128319210115,4.57098999398385,4.322693476943134
N/A,633.864407784605,4334.296288866522,5.990159239379514,4.3623558438888335
N/A,761.9095370788765,4289.551433671996,3.743433145226752,3.9317247051594775
N/A,672.8508372408061,4331.963391572263,4.802604736154502,4.251743580752739
N/A,628.4331106984059,4312.852117085807,4.354323582993387,4.80403697964108
N/A,653.2872580847308,4299.017851580898,3.591516113827789,4.764883947589892
N/A,546.4091205522352,4297.904963360123,5.017831042718347,6.138150720417308
N/A,496.21908933108995,4355.478824229053,5.7609921868957,5.592187613668864
N/A,503.33185067904753,4306.402592405472,5.089495546563125,6.115390152748937
N/A,544.3915456586535,4260.005638924127,4.387888563254033,4.6452236464382395
N/A,591.0849231402123,4331.6927646860695,4.651317883212366,4.107411726676475
N/A,601.0955227139617,4295.455981029962,3.4471932624036197,4.544930432571956
N/A,469.0198167372165,4282.570379933095,6.142106264333519,6.1659158577133955
N/A,572.5791206801218,4299.041386124282,3.615357639435498,4.2021191431525375
N/A,460.6302178745959,4350.621567965105,5.16380492545147,5.301606531050259
N/A,512.050819562049,4253.344439184723,5.374619385703337,5.417016110330923
N/A,525.0618542706262,4289.306542799999,4.1643100676809786,4.214743986055637
N/A,438.9385937400068,4364.6923994024555,5.288886960013523,4.798272266263227
N/A,527.4627462129407,4267.791528546032,4.015971927680977,4.58396485373907
N/A,572.3545333650128,4309.835007219028,3.406602637903938,3.9882984984701695
N/A,500.6603226011728,4281.760611593403,3.9484212891518,4.258434250272747
N/A,342.4092663485263,4314.498773225534,6.162934649699491,4.951490909898373
N/A,419.8886025089204,4284.9364022917,4.02939536939904,5.551366113498624
N/A,439.341279136815,4335.901883168269,4.1171925820504045,4.306067136267155
N/A,395.4398107899627,4339.25123823085,3.9869703665186464,4.107838560005297
N/A,378.60159885603457,4304.4683401565135,4.520371103497898,5.8621851766569755
N/A,270.8799993059438,4347.837704465224,5.1200868577906915,14.554168055710385
N/A,373.3296342334028,4316.117821319099,4.359879156731155,5.109800516279185
N/A,283.41751412447815,4344.268409371899,5.188334410700365,10.757041388552603
N/A,412.95122672997843,4301.65403882153,3.976725713503004,4.337839790179706
N/A,314.2301930080618,4365.327043254661,6.412358904044229,5.722606284370276
N/A,319.7083979016716,4346.984984841565,6.093759485868852,4.960869974580214
N/A,330.4083438136389,4328.954029287386,4.748243468292281,5.599755594590487
N/A,404.9315607010655,4334.8869637953385,3.4787260574575063,5.01012993402507
N/A,282.4770033725077,4348.264775895378,5.903060689999031,6.358464335767254
N/A,256.9997967730574,4284.312654886301,4.7947441371346216,6.780486767902895
N/A,362.8466826000164,4316.217050059693,4.2831213013596035,4.592560059174218
N/A,343.1855459662439,4290.397412713686,4.239280886070055,4.733116000460088
N/A,375.06823387541755,4274.311052885419,3.2157693442072453,6.086698491482863
N/A,340.84323572562806,4333.44347707825,4.200739175683161,5.603281793365015
N/A,432.3160615382433,4300.110852285877,3.287288287478947,3.3874905866953777
N/A,279.1440303452321,4297.464162617172,4.38489643621689,5.857530854561868
N/A,297.7140784146164,4305.764711393791,4.354359959479388,4.879626120394504
N/A,358.2989588221961,4290.562288116561,3.5320212603020122,4.483440321743073
N/A,306.8453681143241,4295.746097919282,4.561788163826259,4.933901498516943
N/A,256.36585394510166,4304.323263694237,4.991614293610541,4.306424583165476
N/A,239.05694857139127,4333.723964421353,4.507466537682212,6.571749645016521
N/A,310.539715471583,4335.162005901461,3.498879466221236,4.326954783198574
N/A,287.9714185631967,4319.882537026937,3.669411059888388,5.468789270891165
N/A,256.501454417512,4345.993130126845,4.197086341829564,5.481944276635217
N/A,273.38910124565365,4283.205618369789,4.001796008875781,4.832450758734064
N/A,235.34843870572598,4358.443977176361,6.648892399408035,5.750481086133039
N/A,252.36603194141063,4284.028756205604,3.5579217796399445,5.294305244281521
N/A,217.6786318716252,4327.247615545201,5.818635267005984,3.9706672112419565
N/A,248.21874349399974,4333.296108350129,3.2931896861768766,4.4090044230130525
N/A,250.18586659126385,4335.282498722939,4.0780260389413545,7.23839628618589
N/A,272.5143246980302,4291.772756588793,3.5587894444498622,4.05307658739502
N/A,221.02990581362246,4323.06417497467,3.663038155669775,6.99788404431202
N/A,238.1917348081057,4276.205010188486,3.397679085115338,6.603942380031258
N/A,214.53087754740596,4305.288658759619,4.34900299712168,5.1994292489330585
N/A,235.53122551590408,4334.94520005365,3.5593145054299233,6.1024084291545995
N/A,237.86138100358778,4331.622523332038,2.988289101553596,4.23306760166472
N/A,194.2420333742738,4281.592388681875,4.063650787598324,5.791803788393929
N/A,264.79927609490255,4344.73503840005,3.1827132782752243,4.539872058559053
N/A,241.06580336563854,4318.330879318544,4.63182595622467,3.274383509596904
N/A,190.3284996813479,4281.309113891409,3.590137638389854,5.524388051687495
N/A,212.05968334261584,4321.461360814123,3.311914980335265,4.288776682287029
N/A,209.56427454813468,4297.353613531406,6.0015228523020285,3.548191634480877
N/A,177.28485516389424,4310.510983685074,3.926586652104853,3.8373899157303315
N/A,212.4317248733743,4314.316190400003,3.5415677227914824,3.5404496758048873
N/A,185.59691545772668,4320.512710850145,3.460987536555806,3.8980915098762527
N/A,167.55460333289503,4308.802870110092,3.3631014891085718,3.5374817687296556
N/A,207.91278576885153,4327.077344436896,1.9443077516659528,3.4933902444701252
N/A,3887.3285689256372,781.6918984570815,881.4184169815094,20.211872454271745
N/A,467.04279217053767,4290.931454126732,1.7759505738483603,4.284661540047404
