index                x_p                y_p                  dx                  dy                 bg                A_p                A_c            sigma_x            sigma_y        theta (deg)
----- ------------------ ------------------ ------------------- ------------------- ------------------ ------------------ ------------------ ------------------ ------------------ ------------------
    A 15.380532980746874 16.051768965913155  -3.028216204893847   6.921491286498786  504.4317635030511 260.12832452124576  76.68885506096743  4.888034658976724  4.703947947415939 336.90478148259024
    B 14.884568319847743 15.753637523579386 -2.2306779059028634  7.0184072501126895  504.5698743525694 309.60581238143016  68.85190594088357  4.813925509287552   4.38680835088262 156.25253285746703
    C 15.589781203350652 15.610134172991247  -7.083904699423174  -0.771880379065725 504.77059045675725  351.0331762999695 22.658855113628686  4.300094827317781   5.09341136980425 210.48921097821813
    D 15.459914260979636  15.91483649271414  -2.091421228749462   6.376907584097324 503.38542189894787 353.02886566820143  78.29692127416394 4.2297999356242295  4.615189564907019 254.92998012824592
    E 15.069786854637174 16.192200339358934  -2.048879536771282    6.15827955066343 503.33304750711284  332.8940888654803  64.55093673912975  4.790904940459963  4.404238267943761 166.89916050164857
    F  26.65762030839609 12.458049324246616 0.21611865548351808  -7.648377683700133 499.45707789639226  46.70690888847489 334.35899538719696  4.457621241238197  4.948825397462643 242.34021090728902
    G 27.958855498489324 14.388173518298707  -1.327213097856499 -7.9677280834134105 498.72265400243623  37.93180282709735  325.5157362496655  5.193735187402416  4.608404635716343 331.59558607464623
    H 21.664434823386834  7.828703822000724  -1.761942987737593 -0.6552833348953683  599.9999994714278   940.170964428393 10.001355414166774  39.16532209721003 28.753240346809267  136.9986287355423
    J 15.634789416961747 15.854549678037964 -1.4948437035565898    7.00330394956135  504.6088462173603 319.94615702283005  50.06622137856613  4.390392580157382  5.002417650795071 234.41830193140913
    K 15.171565444674117 15.943847529529988 -2.1420027308906207  6.9031450386409725  504.6165708924728 320.56888208570393    65.610195493654 4.3639304602160935   4.82069758126778 245.11238572439743
