               x_p                y_p                x_c                y_c             dx_pixel             dy_pixel           sigma_x2           sigma_y2                  theta
------------------ ------------------ ------------------ ------------------ -------------------- -------------------- ------------------ ------------------ ----------------------
 9.368162380699992 10.461486751842427 11.040292362316125 5.1196352244785555  -1.6721299816161324    5.341851527363872  17.00003579378007 21.452395211235462     1.1480052499827016
 8.956947663617699 10.916221049253613  11.37370026614875   5.83586380366228  -2.4167526025310515    5.080357245591333 19.363844536628072   16.1434784345629 5.2836429776821694e-36
 9.246697014215608  9.050582283718695 14.018165516593294  10.99607984271274   -4.771468502377687  -1.9454975589940453 16.222018369385403  26.00903874087651      3.708026514016681
 7.765782352672953  8.321579343283126  8.218930205337406   8.53575182624546 -0.45314785266445323  -0.2141724829623346  21.32866000001587 25.515043454842647      3.910394988946891
 9.368186396956277 10.461791468811704 11.039780352311109   5.11999086372734  -1.6715939553548314    5.341800605084364 16.998848183741536  21.45244092374226     1.1480968103965812
 8.956947794582591 10.916221984765341 11.373699080190288  5.835863819252835   -2.416751285607697    5.080358165512506  19.36384511829505 16.143472904201356 1.8024341348644615e-35
11.374056877283834  5.835794764401598  8.956928453368095 10.915926315495064     2.41712842391574   -5.080131551093466 19.363668617293754  16.14501398321475 2.0168683579888264e-35
11.040366448445832  5.119584301548129  9.368158752787489  10.46144289870068   1.6722076956583436   -5.341858597152551 17.000207657053576 21.452388056942052      1.147992133670785
  8.81238449803133 12.218151603585966   8.99065775177427 11.652261342911407 -0.17827325374294034   0.5658902606745588 18.870627418728493 31.985777869708077      3.618188627313202
  7.77677622107622  8.326775865453689  8.209492239015935   8.53129148933986  -0.4327160179397147 -0.20451562388617184 21.330303871365253  25.51523903435565     0.7689354631912713
 9.368187780228082 10.461804044732553 11.039757954619251 5.1200052591770016   -1.671570174391169    5.341798785555551 16.998797732313495 21.452444918258806      4.289693099181651
 11.37404323628498  5.835797347539302    8.9569292094765  10.91593758606331   2.4171140268084788   -5.080140238524008  19.36367530878525  16.14495496710141 5.7822250566769884e-36
