               x_p                y_p                x_c                y_c             dx_pixel            dy_pixel           sigma_x2           sigma_y2                  theta
------------------ ------------------ ------------------ ------------------ -------------------- ------------------- ------------------ ------------------ ----------------------
14.875131834118891   10.0655375468763  8.936474725996474  9.113291834510758    5.938657108122417  0.9522457123655421 16.220172852085334 24.688870074176425     3.6385075455690705
 8.790440266990075 10.530472365026082 11.180706427175615  5.120338568105101    -2.39026616018554   5.410133796920981  19.26748840432726 15.953674951920544  3.042403640605816e-23
10.944341286139052 4.0314133308667595  9.102955152801435 10.119694563757326   1.8413861333376165  -6.088281232890567 20.908841590471276 16.818964902777022      2.750992672537102
    9.102951618188 10.119702563078812 10.944338207016916   4.03144024374374  -1.8413865888289163  6.0882623193350724 20.908819335165767  16.81894577816817     2.7509965954178512
  8.79043369168807 10.530454458168506 11.180741828334305  5.120350985250727   -2.390308136646235   5.410103472917779 19.267451770486986 15.953804116006854  7.184327027407613e-15
 8.790438639645034 10.530459945041347 11.180727692368462  5.120336450925994  -2.3902890527234284   5.410123494115353 19.267476768984796 15.953750387627068 4.9113579690630855e-26
11.180716105648104  5.120349079766316  8.790436756072658 10.530468746653572   2.3902793495754455 -5.4101196668872555 19.267470935721533 15.953711909137166  5.885675916854459e-25
 11.18073902171601  5.120335751774762  8.790437660325258 10.530453379914334    2.390301361390751  -5.410117628139572  19.26746991480282 15.953790588813357  3.845439241332239e-18
10.944340232844803  4.031416375618631  9.102954805198642 10.119695391848456    1.841385427646161  -6.088279016229825 16.818957335594764  20.90883351992512      4.321789263970259
 8.322553517063973 12.389633071856137  8.485646122270769 11.897230317947786 -0.16309260520679558  0.4924027539083511  18.33939607871183 31.952205700795766     0.4596384144077179
 9.102952916842215 10.119699584994269 10.944339327480376  4.031430314916083  -1.8413864106381617   6.088269270078186 16.818952474240955 20.908827104941935      4.321791442733003
 11.18071428064781  5.120347176841073  8.790437405088472  10.53046945369672    2.390276875559339  -5.410122276855646   19.2674743506679 15.953705053919585  6.107608049254215e-26
